0 2368 2294 2435 2350 2384
2368 0 104 91 24 58
2294 104 0 185 105 91
2435 91 185 0 90 115 
2350 24 105 90 0 79
2384 58 91 115 79 0